SM:2026-02-10T10:20:59.4853916Z
LM:2026-02-10T10:21:00.3811592Z
CT:image/png
MA:604800
CL:275385
