SM:2026-02-10T10:17:06.8637368Z
LM:2026-02-10T10:17:07.7916735Z
CT:image/png
MA:604800
CL:239500
